39099
53098
56700
43980
22050
11238
65144
30971
64015
6622
25078
63672
60843
61151
14666
11530
24962
27676
12305
105
13843
51567
14083
33021
21765
9666
50828
11733
11690
34600
18807
42567
10621
25001
57829
21248
12612
58186
65334
20453
20200
43517
45362
54207
15357
46468
28477
4451
14009
18322
16582
31559
53252
26797
8645
63820
59994
9217
57878
61011
50190
30729
3167
29415
27933
62002
65475
25057
19003
61425
62145
21858
29190
21832
7099
31946
34452
63220
33015
59602
49970
2595
44231
4267
62588
13493
40656
37794
62931
44003
12307
42233
43939
33826
53193
54624
43768
34858
2667
42277
20068
48857
60879
11763
43679
7169
50253
24876
3228
38848
12418
37565
39883
16033
49919
62979
44886
27441
15859
7463
63891
45952
57427
41384
4848
41795
62701
45207
10856
55658
10690
64736
52865
52992
48210
28640
19468
28801
40705
4818
2225
54183
26139
64660
23544
64871
65360
21784
41794
44856
8174
42202
57625
9214
37899
63735
63486
7152
32387
54956
8507
28782
28232
24772
23252
1146
27686
27033
14724
26983
48280
53950
30270
8427
42516
37486
9920
29389
46365
58583
24665
17630
32673
40566
59263
64578
3992
45877
63538
57146
54582
58906
26418
45893
12837
11621
46134
60542
29876
49433
52946
62669
706
33931
35799
9373
50119
43184
11449
34456
50900
2826
4029
32195
6190
7760
8881
46246
39247
42090
5410
13705
2311
24534
28276
19336
50993
14969
37429
29306
64420
27723
44563
35960
53609
35570
27278
14324
20857
24234
46846
9327
60024
1828
62509
54954
59433
44606
13227
25512
34117
27997
61047
15476
4027
30325
271
28488
61947
14874
32299
34346
46721
33382
62061
60172
5372
3398
33365
65179
19785
31296
14123
42314
64298
42490
16294
17926
53697
15219
39853
9117
28181
9618
61632
46482
32834
5711
17260
35584
45529
57613
17243
12959
59751
26195
18379
16955
17850
9724
11088
36358
35604
48258
56408
55781
55222
65162
48628
15249
38887
40294
13947
14690
39600
11853
63821
42569
19237
42650
31695
52362
54767
22522
29702
42590
681
51727
26519
29177
54264
31274
62516
42436
23399
12121
11535
13877
19992
47037
54359
53467
47228
13746
22930
31760
4389
44693
61199
18596
61420
916
7882
3856
57143
30136
33674
44135
21375
2828
31346
49329
33134
47624
9633
30928
61283
60448
9805
40403
37900
22310
22033
43739
41850
10488
6247
32172
54889
14390
53353
52513
44940
12705
41151
43002
44942
17034
62842
5708
26030
26514
57072
37999
10114
35444
64119
34784
63910
56138
24437
20854
52372
6343
44555
3204
53019
45249
11676
62681
56099
5569
46610
28037
15307
18798
35923
38119
34236
17505
8632
38726
28210
36131
54610
44313
27279
22388
3383
3262
3133
60678
45900
32094
6785
53203
56680
39509
10502
1631
2365
59276
5493
49552
19177
20657
25521
7441
24044
35482
50817
5151
3471
36927
23783
65500
36926
24480
55857
36792
31319
30355
13188
19164
60920
59597
49154
20589
53024
20203
25720
26324
33786
5821
18375
1480
14547
49006
15597
5678
42024
25835
4764
48091
55757
19692
2357
56023
10874
21039
65165
51481
14241
30526
19992
595
65520
18034
52008
57965
32925
8341
42351
44971
46944
11031
62608
17754
2709
10819
19009
52503
58716
30654
10709
24095
17884
12761
64443
27022
426
14686
53920
19999
8329
8611
41403
43154
13825
42464
53110
15647
32595
55267
2259
5346
31507
8878
65313
28165
681
32838
7916
55535
51720
16626
6921
42539
51168
23422
21748
6715
62977
5736
11138
38018
14218
39167
11586
30465
63041
34301
11366
35850
15193
38714
35232
28618
1800
32685
31087
4953
26398
22254
65300
22732
3157
64338
16689
33082
47562
11859
20710
18747
3844
30295
36021
7339
40060
53559
14207
24811
33289
2167
24821
64685
44804
37733
49936
42726
15041
47114
7898
12983
49776
25318
64815
46552
44175
37514
36210
41152
7034
22492
59339
25969
1343
12858
59756
14900
47090
57390
39719
41505
15603
50739
60461
21827
56193
32042
4037
44752
2435
26170
64509
8278
39264
49627
5230
7797
60058
30740
40480
17840
27091
49345
3001
60840
12545
12372
53977
17776
7060
24596
20416
18077
63698
50368
15023
5252
39538
7126
34292
42010
35733
47837
50033
7491
5584
38229
49191
14938
33909
55602
8906
54458
2776
61405
845
50930
24085
42578
37747
46568
38774
25273
44939
11041
50858
3275
8511
39530
17536
39124
20622
32305
13428
44919
20381
5731
9885
28290
36925
38845
47532
46551
3400
45968
52931
24143
24917
27660
1147
23674
46912
42460
1139
30177
64107
63195
52398
24974
25672
55792
44287
64575
58729
56125
44563
31260
53627
3190
38008
2829
14991
20847
37843
22688
4031
61222
1571
15503
6524
30148
26150
29149
33060
16076
17290
14481
38353
36360
41270
39234
52334
5076
62080
23153
39021
25861
55570
49704
11368
42264
35778
58092
43356
28159
62470
44993
59313
10998
44277
10366
12785
64594
4530
8587
52515
36594
62002
358
35238
32146
43707
5781
18449
6747
42095
12949
3003
20175
29175
5612
65255
25794
7012
1845
34480
30684
58715
1788
62977
22848
10939
21626
37393
20930
18974
2243
57268
18377
21435
5603
47669
57271
1235
58135
39386
40466
48556
32318
64729
27716
56171
8544
55408
4561
10407
53745
50383
52858
46179
41613
41986
48206
10137
40812
28181
38228
54153
28198
41475
58763
61347
62152
24339
14759
27173
60080
5192
910
62502
61939
61146
24913
36209
9690
7224
49281
22548
59113
41884
12400
19359
47907
5501
45235
63085
7646
53175
40922
42219
2537
52033
49080
25842
9567
14093
53802
41835
55311
57908
16946
56690
61124
12683
27402
43426
12987
4348
2035
27466
1404
45830
65180
21756
23244
42944
49296
5100
37899
48094
51489
65227
52997
30441
33430
62098
13776
63759
317
64358
4638
23647
19439
26728
42205
50586
16778
13413
40739
40395
57392
37846
11120
21105
47173
41036
39657
48545
32725
15033
24818
30026
1611
26369
13678
43021
37294
13486
8820
33293
63671
14296
23154
60411
32260
11198
59156
40385
37589
29485
17571
13261
43304
15123
35013
11550
12348
20164
49952
22672
45443
35968
23144
23611
57657
2408
34111
14754
54104
38661
60454
16370
34285
38786
36032
64052
39619
2462
12159
48369
38591
61358
64238
25875
55990
48895
50309
13209
64254
17263
51537
65178
13806
20496
6695
60189
51430
